29
383
806
192
1742
2162
2568
2912
3114
3483
3871
4222
4735
5143
5552
5966
6165
6495
6855
7210
7779
8144
8552
8931
9121
9537
9890
10243
10668
11063
11504
12052
12456
12851
13248
13728
14132
14611
14968
15147
15454
15834
16199
16701
17102
17541
17922
18119
18465
18853
19199
19717
20132
20564
20913
21105
21472
21853
22208
22422
22784
23179
23553
23987
25645
27170
28640
30105
30797
31522
32382
33027
33427
33826
34205
34595
34955
35340
35732
36160
36522
36882
37242
37597
37950
38315
38672
39041
39429
39812
40193
40586
40957
41310
41658
42018
42383
42780
43161
43546
43925
44306
44691
45102
45462
45812
46184
46565
46932
47294
47670
48076
48480
48831
49233
49734
50152
50577
50946
51125
51469
51838
52219
52711
53122
53533
53895
54083
54411
54806
55184
55693
56136
56547
56919
57116
57474
57854
58235
58693
59155
59533
